-0.779704218258271,-0.6959624261741484,0.05579877616718578,-0.41293751450431093,-0.035786616431430204,1.1241777467553935,-0.7370992581596955
-0.7087105244644283,-0.5087321935606236,0.08430094556846932,-0.5432084899844606,-0.051919422690240434,1.0675572762461338,-0.6323565945368192
-0.7127818025880233,-0.41323974693728677,0.08205543976222257,-0.7104010870946352,-0.04450985567163699,1.1416672688704412,-0.6437037455731207
-0.6995727964340245,-0.29908863858407264,0.07050494678775127,-0.8783878069922075,-0.03347548651418162,1.1976276454333237,-0.6464367447148183
-0.6845746261848838,-0.1784487232083404,0.05688580066296446,-1.0547392986088049,-0.02363674980287276,1.2554772173350472,-0.6481685732996454
0.18944238171058,1.087109168797838,0.03481491717864082,-3.1369773748036347,-0.02870879064742617,2.0933512646331893,0.21956002464611082
0.6018771961883282,1.5772313159775802,-0.046881248188600386,-1.6316043088621548,0.03442361423438791,0.060100491886837804,0.5685672848018671
0.5142515576789002,1.45106269269068,-0.07280253121736026,-1.6614781039850297,0.06452759034180888,0.22268325341717984,0.44820224875729775
0.49293881395712186,1.5376989957217082,-0.0831903006836611,-1.9149428423912986,0.08049404909531165,0.3922299260878632,0.4222569895982865
-0.03491179585969162,1.0474798478747993,-0.03646791941398527,0.13740918321686357,0.057538838156668944,-1.1970746275288628,-0.09216324860264646
-0.7797042182582695,-0.6959624261741495,0.055798776167186814,-0.4129375145043179,-0.035786616431430315,1.124177746755399,-0.7370992581596956
-0.7087105244644285,-0.5087321935606245,0.08430094556847005,-0.5432084899844444,-0.051919422690240226,1.0675572762461252,-0.6323565945368201
-0.7127818025880259,-0.41323974693727705,0.0820554397622216,-0.7104010870946582,-0.04450985567163702,1.1416672688704743,-0.643703745573123
-0.699572796434023,-0.2990886385840587,0.07050494678775122,-0.8783878069922408,-0.03347548651418219,1.1976276454333419,-0.6464367447148169
0.5925618320437427,-1.5164873737414544,0.04217446557014992,1.3866512585377597,-0.019657609528816747,0.11715656106727426,0.66019587225667
0.6018771961883257,1.5772313159775877,-0.04688124818860134,-1.6316043088621723,0.03442361423438874,0.060100491886842224,0.5685672848018701
0.5142515576789048,1.4510626926906702,-0.07280253121736152,-1.6614781039850108,0.06452759034180917,0.22268325341716658,0.4482022487573027
0.9987740105080517,0.013529500488337742,-0.13050951180312337,-0.15584386977109618,0.10873121056167574,0.14993374775315063,0.8798270397005479
0.007506111579543281,-0.17976643821430874,0.0006384454426096096,2.2537991138013416,0.0034822271915438663,-2.1204806688560285,0.0012868031788045436
0.7115492359189038,0.02979796473540085,-0.06853497951631896,1.40739348386521,0.05980740982492124,-1.4712849065894462,0.6307031558414613
0.7041135672415049,0.1623229668321619,-0.10579770760510884,1.3285339164941043,0.11192226935781849,-1.523905417586022,0.5466452384705414
-0.059275953329613926,1.5206544404142037,-0.02180781332175206,-0.22293453339852062,0.06477597203340013,-1.3202949512044528,-0.13079289467982225
-0.006729736468832429,0.48726899179534466,-0.0022617135182990394,-2.5770583168003065,-0.00017399912209985357,2.13113040824987,-0.00252503569905189
-0.0075668579084606806,0.6465703661052741,0.0007828964305335249,-2.582384017387006,-0.001220226313730778,1.9770809429423997,-0.00031216636836299484
-0.01140079852121487,1.9571863481234526,0.002623407673789581,-3.514564882289435,0.0009512586763698052,1.5913851305577842,-0.001275007175555935
0.6772173029111473,-1.4854105106449802,-0.05365796499320962,1.3226319552534462,0.02838236789225791,0.15244286593476644,0.6328502049888863
0.6606080073384724,-1.2761333412072051,-0.08082558756713104,0.9950694798580212,0.040584419044546544,0.2714173318258522,0.581537824793708
0.5361351122207175,0.6326244583135687,-0.0692740535442591,-2.306628587201209,0.03527999323173433,1.709194362482377,0.48349855837755984
-0.12077190262652332,0.5946006035257914,-0.03143659405845474,-2.461583028299029,0.021368817503140177,1.9092245983088125,-0.14563909778487602
0.7278316937072984,-1.3757776490898694,-0.02844269172570523,1.1964973625585105,-0.003971892688129535,0.1724929115909902,0.7169189284440459
-0.17269527337728402,1.0482013398797825,-0.025179816450935432,-3.1165449588628404,0.02320520846123578,2.11176917499313,-0.18660013520567326
0.7345450160222773,-0.6150480201744244,-0.011464468644487889,2.4563573351449963,-0.0012838315039231862,-1.8842205942318144,0.7282354556874544
-0.0103955406465429,1.6498890070050816,-0.0007298144678317459,-3.1653646830153876,0.0023855277867890316,1.549130751397498,-0.0050728478618553
-0.738009592680726,-0.8230646282225415,0.05096354115249784,-0.07293436209647741,-0.03421188753775455,0.914020702784179,-0.704511302300563
0.06294517896890911,1.1199308780369657,0.0349178799263107,0.42825662290993316,-0.02954841501504027,-1.5749097574402635,0.10625097190976265
-0.5734268827223425,0.3932293933712805,0.05259626402882392,-2.3781207362480536,-0.03596106985890154,2.021821318187382,-0.5356322305249983
0.04679164920653826,0.9875490110950149,0.03144999398373609,0.6044790008341179,-0.032714875713065646,-1.614855164535413,0.08741502229162752
-0.7268267517987927,-0.6979560900881535,0.06886030076240593,-0.5481989112128233,-0.04721798355407942,1.2647782426904157,-0.6791485370779549
-0.6609378354636565,-1.5009202123654868,0.046377460466492465,1.3501484230038043,-0.032430643083865146,0.13979261114860078,-0.6250602877268769
-0.645549776893952,-1.291229226169596,0.07299202916817406,1.0191131979903016,-0.04477496120529166,0.2617262497843895,-0.574116507348119
-0.6943770104626181,-1.2763280300620738,0.072349024255239,0.8782201417541746,-0.0345348555250581,0.38990455414003033,-0.6262805044384165
-0.7279537911042034,-1.2346551906739958,0.057740965703353436,0.7188866688039681,-0.017845153793792836,0.5098754140342019,-0.6801034837947202
-0.7575705812657815,-1.188562810378574,0.03326432693790661,0.5628123316532585,-0.0010984463053023623,0.6222538463266193,-0.7404664976145936
0.6018771961883234,1.5772313159775901,-0.04688124818859786,-1.6316043088621686,0.03442361423438953,0.06010049188683702,0.5685672848018668
0.5142515576788969,1.4510626926906727,-0.07280253121736086,-1.6614781039850182,0.06452759034180917,0.22268325341717438,0.4482022487572951
0.4929388139571223,1.537698995721709,-0.08319030068366082,-1.914942842391301,0.0804940490953121,0.3922299260878616,0.4222569895982881
0.46118164551227925,1.625630309888842,-0.08764905084179485,-2.1912984998434037,0.08922194982704822,0.5831893725732967,0.39841811745545946
0.6355792816333975,-1.6866075064046122,-0.11409214219518712,2.0253370325973243,0.09645444469735294,-0.3416101417626408,0.5111983395481268
0.007506111579543204,-0.17976643821431,0.0006384454426099761,2.253799113801336,0.0034822271915435385,-2.120480668856027,0.0012868031788020801
0.8207785450136001,0.9698192486131163,-0.08010482732603075,-0.18514820190642348,0.06897506091192626,-0.8001838413559818,0.7351869513099618
0.007506111579544179,-0.17976643821430982,0.0006384454426074164,2.2537991138013367,0.0034822271915431278,-2.1204806688560285,0.0012868031788047937
0.007884313443487797,0.0261385904978406,-0.0012452359731345442,1.8177899725243114,0.006693561271728691,-1.8862672729525998,-0.0013537184741084075
0.008000022186396945,0.20380191205631107,-0.0006578485751721649,1.6880861899864756,0.009023929294675569,-1.9335933177007312,-0.0027988888598883908
-0.779704218258273,-0.6959624261741476,0.055798776167185996,-0.4129375145043148,-0.03578661643142956,1.1241777467553888,-0.7370992581596959
0.08522706406500202,0.6688037482894862,0.03675669562686235,-2.640132073981978,-0.029117786445804525,2.01150919671516,0.13348739407914192
-0.7575395633514556,-0.5513321130202363,0.04644429754710806,-0.4172100250082886,-0.022800495011096523,0.9865887938261001,-0.7329269526124688
-0.7797042182582695,-0.6959624261741482,0.055798776167186426,-0.41293751450431226,-0.03578661643142963,1.124177746755394,-0.7370992581596926
-0.7087105244644283,-0.5087321935606243,0.08430094556846988,-0.543208489984459,-0.05191942269024002,1.0675572762461318,-0.6323565945368194
0.10086384951965206,0.7557734320057303,0.04457548863222456,-2.7430959649303457,-0.0327178162683238,2.028629195852285,0.15180265117769726
-0.007878141433207255,1.8999039630227632,0.0007638364044501116,-1.9626351540837175,0.004197888234704557,0.06942721147485637,-0.005588071550750835
-0.0066523226717699,1.7288897165260675,0.0003544863231273034,-1.9839656669391164,0.003040550395398824,0.26888759515050065,-0.003528349960617507
-1.6798657239750522e-05,1.0205300471260157,0.0015910394553144045,0.21798603801530383,0.003274053665971562,-1.2526512271786774,-0.0016477403108303738
-0.0008722118114639045,1.182098358974859,0.0017243581753237005,0.28234013816940695,0.004859119923291117,-1.490317730992682,-0.003368020531528625
-1.1157877791800823,-0.08281962927438978,0.10471911107553374,-0.11599568672539444,-0.07980424464441027,0.2010146467170484,-1.0190543981425577
0.09449183853837018,1.2962342973183323,0.04516604005371652,0.09305537639021771,-0.05116942636174748,-1.412750938491239,0.16560146987965993
0.027750017952983572,1.334211723555186,0.01284975179726121,-3.14876238972674,-0.013796791058066544,1.8531041543489382,0.03991352833552911
-0.6760087839949978,-0.15546435028317684,0.0723925991869975,1.9918020870957622,-0.07509137947296597,-1.867200201928536,-0.59154037269841
0.1112026132335221,0.2250588659543477,0.03175573027394082,-2.507074346736335,-0.025592527081271535,2.3215838638192023,0.1402588662471094
0.7261427529420261,0.8266942339605479,-0.06379296482653071,0.33646241987272246,0.04560044775307481,-1.180442257841639,0.6796527288799054
-0.7287346690414774,-1.6094397829846803,0.04488708587748238,1.6807354372360024,-0.029753291272113038,-0.08201082635397643,-0.6951525892609045
0.14241659764107456,1.7500674003860917,0.011012443404093436,-3.5083573955253065,-0.01318089757146672,1.7875436219063865,0.14435649833731382
-0.07096480855119494,-0.3323933092488768,0.007316861791055749,2.6280927453309895,-0.019464015624962236,-2.335135319843525,-0.04190877843963921
0.05625687756214998,0.29010781551298387,0.0017286795463676869,-2.643196011132809,0.009315818200624123,2.3897038334407856,0.03787953319673207
-0.05652685338035289,-0.1598580069504539,-0.001625694715098147,2.519321635514484,-0.012110773586308543,-2.403101693063149,-0.036813618384295504
0.05692561131242227,0.2667622406464432,-0.0019678374587767406,-2.6250226829424532,0.013251110330719846,2.3947540987993174,0.03403677300466418
-0.055456222021922144,-0.15468768156339754,-0.0033315428596421177,2.514007115285141,-0.010217766881711492,-2.4033717128193905,-0.03817211114755769
0.057272037318802704,0.2631348819987335,-0.0029729743775652787,-2.6199989039287934,0.013978606896960087,2.3932707619549083,0.03376885868215772
-0.05519361165661846,-0.1516331655672722,-0.0035473201162248046,2.509917018000386,-0.009652840433815653,-2.402477541382875,-0.03882044414358259
0.05728413344262037,0.25986769648469155,-0.003335777535417235,-2.6153648171105215,0.013997249454921876,2.391928234231873,0.03405050456566934
-0.05509326043240042,-0.1485750188532229,-0.0034229362010358083,2.505780102790763,-0.009384322261418476,-2.401472174658636,-0.03928810711885477
0.05721566466418077,0.2566562563692486,-0.0035514343550574895,-2.610838266807419,0.013858896001267976,2.390676160930478,0.03444509763979682
-0.055032652111144297,-0.14552212826177122,-0.003220000814333803,2.501650357601394,-0.009179376487015656,-2.40044489790846,-0.03971731290872821
0.057129783236071485,0.2534829674024666,-0.0037344444484775103,-2.606384316632632,0.013686143306800473,2.3894722549625387,0.03486125867965303
-0.0549833354899329,-0.14248774118693106,-0.0029982514012896998,2.4975536822123376,-0.008986713306400112,-2.3994230337435765,-0.04013853581024665
0.057041633508735506,0.2503425426115352,-0.003911174801730151,-2.6019909249485993,0.013505547869255523,2.3883009676756277,0.035280397409667104
-0.05493858682796758,-0.13947687268826012,-0.0027712214772315524,2.4934995821650636,-0.008795396392900312,-2.398416438226097,-0.040557856407934995
0.056954678557040894,0.24723276124048663,-0.0040875575530539944,-2.597653082801501,0.013322641845933283,2.387156224616654,0.03569890190205704
-0.05489686046526958,-0.13649137866727692,-0.0025418937892551343,2.489491491865219,-0.008603200372448836,-2.3974287723183463,-0.04097644329167257
0.056869801384663014,0.24415249773084088,-0.004264961574869431,-2.593368325111583,0.013138471851446431,2.386035381609617,0.03611631586278856
-0.054857550528802916,-0.13353191238076442,-0.0023110539889503253,2.485530559416174,-0.008409755108124193,-2.396461407652091,-0.041394230633563164
0.05678725600937408,0.2411010653480398,-0.004443732865683886,-2.589135191872133,0.012953179374160266,2.3849371198153038,0.036532739097428574
-0.05482066330672484,-0.13059858550533804,-0.002078775350710654,2.4816169227662996,-0.008214993372536,-2.3955147442197835,-0.041811359754094626
0.05670706043197733,0.23807797028423267,-0.00462391315714706,-2.5849526615016027,0.012766772234156587,2.383860680078037,0.03694822273607734
-0.05478614044547237,-0.12769130046364183,-0.0018450957845017606,2.4777503366246467,-0.008018911703943515,-2.394588812277494,-0.04222783329592602
0.05662920529687963,0.23508280581048482,-0.004805509876425999,-2.580819904484266,0.012579238053191805,2.382805538092487,0.03736282148501837
-0.05475395690675788,-0.12480985813169222,-0.0016100228646316011,2.47393037336364,-0.007821509139164387,-2.393683471682731,-0.042643677302996126
0.05655367113267571,0.2321152097018564,-0.00498851813171079,-2.5767361876457398,0.012390566057275303,2.381771280620307,0.03777657925598804
-0.05472409097176027,-0.12195401358979688,-0.001373560563449867,2.4701565251916273,-0.007622782456979562,-2.392798506460436,-0.04305892121624267
0.0564804362311922,0.22917484487829362,-0.005172930916634978,-2.572700830951019,0.01220074800604293,2.3807575503226213,0.038189534385310635
-0.0546965226045813,-0.11912350149396381,-0.0011357121145465596,2.4664282497797014,-0.007422726591351095,-2.3919336662098227,-0.04347359664945648
0.05640947857587129,0.2262613901270744,-0.005358740878424181,-2.568713187209167,0.012009777013870173,2.379764020516898,0.038601722491611354
-0.05467123251355068,-0.11631804859448641,-0.0008964806808845047,2.4627449924140468,-0.007221335488374417,-2.3910886856969626,-0.043887735878151916
0.05634077638145929,0.223374535426228,-0.005545940703766973,-2.564772631999248,0.011817646754445531,2.378790382960511,0.039013177830312475
-0.05464820192940372,-0.11353738006309254,-0.0006558694102656112,2.459106197028637,-0.007018602569960944,-2.390263294451309,-0.044301371247173656
0.056274308237640513,0.2205139794703448,-0.005734523178932034,-2.5608785584103755,0.011624351078402522,2.377836341662055,0.03942393386557448
-0.05462741252894478,-0.11078122275222578,-0.00041388142065584165,2.4555113118112915,-0.006814520944117646,-2.3894572216075782,-0.044714534928951964
0.05621005314242283,0.2176794282983982,-0.005924481191251338,-2.5570303741538787,0.01142988384707335,2.376901609612181,0.039834023508884604
-0.05460884640438224,-0.10804930687925632,-0.0001705197862615981,2.4519597920571354,-0.006609083494437136,-2.3886701983847387,-0.04512725883359327
0.05614799050374329,0.21487059449283283,-0.006115807722267547,-2.5532274998906925,0.01123423886245368,2.37598590698783,0.04024347922245664
0.7397224407331973,0.8381049820112759,-0.07722815789523443,0.3134095226944917,0.06634285289615664,-1.1695823112754424,0.6716934709142469
-0.7153446305924845,-1.622555009953866,0.03278156051624305,1.7151950714392463,-0.022486042889015897,-0.10459325396345912,-0.7000563975750951
0.12903540542676234,1.751949455678692,0.009182441748494351,-3.524129007793756,-0.01187781211098687,1.8008287159228995,0.14199171078022318
0.677217302911147,-1.4854105106449786,-0.05365796499321238,1.3226319552534436,0.02838236789225743,0.152442865934769,0.6328502049888881
0.6606080073384709,-1.2761333412072038,-0.08082558756713175,0.995069479858024,0.040584419044545704,0.2714173318258625,0.5815378247937062
0.7094148622357191,-1.2595077146632645,-0.08024249186693827,0.8540247768097115,0.028889247201254725,0.39797859103146693,0.6348742580162269
-0.8334879186307036,-1.0450307422850849,-0.026905856925579754,1.8509305577012212,0.011293958942348914,-0.8389850707738673,-0.8979861990111424
0.8883876354323667,0.03187274879503763,-0.00047995261211066474,1.4689382104641842,-0.0008473361560246983,-1.5391277945874562,0.9028327684268107
-0.18075161641119283,0.3226257095080293,-0.021195921870651835,-2.451905177220461,0.006512073825242611,2.177882421749651,-0.19770372051379406
0.8365822611383218,-0.10790045062624193,-0.012295291710589594,1.91316428181563,0.005460679618573813,-1.8485634015018633,0.8320510631796134
0.601877196188324,1.5772313159775901,-0.04688124818859804,-1.6316043088621648,0.034423614234389284,0.06010049188683307,0.5685672848018672
0.5142515576788974,1.4510626926906647,-0.07280253121736158,-1.6614781039850186,0.06452759034180877,0.22268325341718062,0.4482022487572958
-0.0008722118114642875,1.1820983589748606,0.0017243581753238948,0.28234013816940645,0.00485911992329129,-1.4903177309926858,-0.0033680205315283177
-0.00017028186231675662,1.1438333394756655,0.00031030706396880184,0.06571345912237136,0.006014600377060179,-1.228819920616222,-0.004302932552510424
-1.1268596785217482,-0.07978239624326028,0.12463477347226089,-0.09442128154296996,-0.11119002115290616,0.17625118678235838,-0.995723005028135
-0.7014299229526592,1.0401723253807205,0.13814488039585845,-0.19479416307182842,-0.14831795925300692,-0.8589160193106063,-0.5221051406421425
0.6687152932610686,-0.03451594686580083,-0.023239728802599138,1.6757759208756404,-0.0004301082549937694,-1.673976521422908,0.6820728720254977
-0.6843702568744253,0.013485024164288737,0.09207141796958357,-1.9234993699041363,-0.07511684414698191,1.9442355925875372,-0.6013771331194444
0.6845855488051423,0.0960992230462928,-0.05201419712469013,1.850743523565543,0.0255734873917029,-1.9854664412868104,0.66364560209318
-0.6795347106164651,-0.003365621308291225,0.08320977311441077,-1.9407761726181723,-0.05890486550007182,1.9787261558056652,-0.6176000742668574
0.6881993299362053,0.09946385030580308,-0.05964496496306832,1.8516847615815848,0.031219662239501508,-1.990165742306988,0.6597874575513278
-0.6788072485921838,-0.0054690628180924,0.08231758078666761,-1.939356599008331,-0.05447932278851143,1.9793660816383962,-0.6226817964280076
0.6895269357779131,0.10111661845504716,-0.06265896220502208,1.8506075677545533,0.03182694565107198,-1.9909480047758938,0.6601306985408195
-0.6790670652560948,-0.007301080388270608,0.08330117982037229,-1.9378539963731398,-0.05279344910062107,1.9797297234026991,-0.625165664000887
0.6903608370301393,0.10279284862712514,-0.0646330151263672,1.8494388724673998,0.03123103022723884,-1.9916002745667716,0.6615183616464887
-0.6795503169230666,-0.009089531788947034,0.08472293392494003,-1.9364274572208373,-0.05174772059512677,1.9801713854254273,-0.6270184087849249
0.6910966768253887,0.1044886734444459,-0.06638456093088269,1.8482385467268236,0.03034061252900212,-1.9922115540374745,0.6631733350833777
-0.6800889720316703,-0.010850682778002694,0.08625461034111048,-1.9350511095239797,-0.050846048561939736,1.9806590967229019,-0.6287206358608499
0.6918209343149783,0.10618915080769933,-0.06809918031431127,1.8470305298845937,0.029371168868009598,-1.992806511359389,0.6649031908010689
-0.6806463935587921,-0.012591660863592459,0.08782194514723485,-1.933709879644416,-0.0499706209466746,1.981173859851734,-0.6303910340244037
0.6925519187772133,0.10788645391908949,-0.06981855754263228,1.8458274699345256,0.028373961478098994,-1.9933974231472495,0.6666596825147124
-0.6812150146526285,-0.014316077278986664,0.0894083690715317,-1.932396068623291,-0.049093211631267356,1.9817062674768757,-0.6320596598288811
0.6932930331139909,0.10957658890905966,-0.07155168352391036,1.8446358400148803,0.0273612858300614,-1.993990396183571,0.6684302261226467
-0.6817933136907904,-0.016025812233034748,0.09101024883519829,-1.9311056878487105,-0.048206950947057584,1.9822516337280305,-0.633734314566105
0.6940447851995326,0.11125747427476891,-0.07330042968611142,1.8434589765228537,0.026336070799653742,-1.9945885201353737,0.6702115086537651
-0.6823810216112083,-0.01772186848866378,0.09262680827042705,-1.9298366111853522,-0.04731010277109034,1.9828075529864777,-0.6354171290750708
0.6948071709311368,0.11292801684725651,-0.0750651461233148,1.8422985882552863,0.025298981268770896,-1.9951933762909118,0.6720026377875284
-0.6829780959700078,-0.01940480104067271,0.0942578960739195,-1.9285876527186285,-0.04640218213026053,1.983372747900049,-0.6371087320664823
0.6955801592144859,0.11458763940798114,-0.07684590603891696,1.841155539332611,0.024250119202449023,-1.995805780592057,0.6738034102882663
-0.6835845427738522,-0.021074928519212974,0.09590350069595742,-1.9273581161468132,-0.045483013050024765,1.9839465144188235,-0.6388093509776029
0.6963637441758245,0.1162360411741189,-0.07864274386102225,1.84003024376796,0.023189444773985452,-1.9964261487195072,0.6756138200670311
-0.684200380020369,-0.02273244291351818,0.09756364605490783,-1.926147564659023,-0.04455249682332102,1.9845284481542715,-0.6405191026095678
0.6971579436079073,0.11787307045520146,-0.08045569955541629,1.838922874233494,0.022116880157245125,-1.997054683812002,0.6774339251658983
-0.6848256329970772,-0.024377466829621514,0.0992383681968748,-1.9249557020711237,-0.043610553555915886,1.985118304599012,-0.6422380750297676
0.697962788404438,0.11949865675155873,-0.08228482054328808,1.8378334724039536,0.02103233671711856,-1.9976914742885779,0.679263804941699
-0.6854603316957885,-0.026010084336818954,0.10092770901956452,-1.923782309494519,-0.04265710719161298,1.9857159260317165,-0.6439663498174881
0.6987783168915921,0.12111277369159193,-0.08413015962517403,1.836762008866805,0.019935721976935696,-1.9983365462503415,0.6811035473276554
-0.686104509469433,-0.027630357675040084,0.10263171384003864,-1.9226272112596776,-0.04169208159530784,1.9863212024339765,-0.6457040083684528
0.6996045714076854,0.12271541876112145,-0.08599177281556608,1.8357084157038546,0.018826941546997204,-1.998989891795634,0.6829532441629979
-0.6867582018546192,-0.029238336440618864,0.10435043011090298,-1.9214902562897416,-0.04071539956201729,1.9869340503163617,-0.6474511333832679
0.7004415966378201,0.12430660210608103,-0.08786971815857918,1.8346726044242059,0.017705899600115604,-1.999651484517906,0.6848129896416129
-0.6874214458210288,-0.030834062651599426,0.10608390665389564,-1.9203713078642821,-0.03972698259155534,1.987554401121525,-0.6492078091364533
0.8893012909850717,0.9733820176746922,-0.10810510527245931,0.18882400588515455,0.04797549115398531,-1.1848399848880558,0.8133818096879064
-0.6834972748435606,-0.07766497933142505,0.08453013960176342,-1.7835699610493185,-0.020568842631591533,1.8972000960343318,-0.6754670748395075
-0.010395540646542504,1.649889007005068,-0.0007298144678308791,-3.165364683015374,0.002385527786788683,1.549130751397489,-0.005072847861856309
0.6018771961883237,1.5772313159775897,-0.0468812481885984,-1.6316043088621746,0.034423614234389534,0.06010049188684734,0.5685672848018688
-0.0796266128620438,0.31473950301020454,-0.029495484343424385,-2.4368515585880055,0.02291623623032863,2.166242264794775,-0.10623644172909545
-0.000872211811463956,1.182098358974859,0.0017243581753236556,0.2823401381694068,0.0048591199232910385,-1.490317730992683,-0.0033680205315291195
-0.0001702818623166793,1.1438333394756661,0.000310307063968843,0.06571345912237128,0.006014600377060105,-1.228819920616223,-0.004302932552510515
-0.00021996743050190995,1.2415598549417441,0.00032831523643596426,-0.11126620160394711,0.006636293613643115,-1.1477979029011391,-0.0047080094376646155
-0.5235327334718396,0.14393902622239313,0.11667282979228352,-0.04112609364777485,-0.07921408061039766,-0.1226696794161771,-0.4238780957109756
-0.8200157049624538,-1.0392290769569932,0.06073062857324516,1.9860214725078578,-0.040827293929529974,-0.9769686585281423,-0.7719356284571882
0.07223119305670392,1.3620880266482378,0.028758014309875596,0.06038282276620643,-0.024774303380780006,-1.4495968723267667,0.11486450008694904
-0.8391982182053631,-0.9415225049985619,0.09430880179519206,-0.3520872738310841,-0.06687376005109806,1.313146230149348,-0.7451141560908596
-0.007878141433206986,1.8999039630227639,0.0007638364044485727,-1.962635154083718,0.004197888234704048,0.06942721147485596,-0.005588071550751817
-0.006652322671765543,1.7288897165260675,0.0003544863231269078,-1.9839656669391166,0.0030405503953988442,0.26888759515050026,-0.003528349960613367
-1.6798657238345044e-05,1.0205300471260164,0.001591039455314176,0.21798603801530245,0.003274053665971607,-1.2526512271786772,-0.0016477403108292894
-0.6997041541711885,1.0905341626218341,0.06764515176706608,-2.6046793684123974,-0.05855044846021409,1.5419562391948554,-0.643014610937436
0.6426728529956404,-0.30746525679124986,-0.014614542738581485,2.2308642391523104,0.0062633445402390155,-1.9532822641535748,0.6479265001883753
-0.7551250054155525,1.2427895096117345,0.05903003410312849,-2.8932325466041307,-0.049490772121994646,1.6728236973231103,-0.7165172563333599
0.5073908257008339,-0.510577281065452,-0.04009369451644016,1.7236658136556178,0.006735607719896745,-1.308722704632307,0.5112678163520592
-0.6117479552646304,0.33504609373968325,0.04959586541047144,-2.2525579339754325,-0.03762461276155934,1.9503216424452001,-0.5854541804778175
0.6290412440151649,-0.2042002313768807,-0.027478444110663282,2.179153418832435,0.017710809008124127,-2.0078202829565948,0.6259033758449034
-0.6216436780640185,0.29647215096364754,0.04320973034240083,-2.299107126357979,-0.03172842196599622,2.029266420479821,-0.6035427180478947
0.6319555368443036,-0.1982027913923774,-0.030699999124847166,2.1829666776487047,0.01995327711679654,-2.018705677226962,0.6270256337998256
-0.6208224686378697,0.29168571276945565,0.04257458449139141,-2.2939517006574826,-0.030338173232719284,2.028265230341464,-0.6050334384887088
0.6324379357669278,-0.19540556104840784,-0.031936645145026414,2.1795497657633764,0.02029647664712439,-2.0185849309249706,0.6276302194279878
-0.6207192233471197,0.288203289148194,0.04286112500675077,-2.288973325864034,-0.029938997323352715,2.026617807604771,-0.6060226299258358
0.6327334704190033,-0.19248022193811662,-0.03269142547496418,2.175573444636643,0.020189835364047233,-2.0177492354506565,0.6285248578258783
-0.6208458911989441,0.2849515258224757,0.043396127305825954,-2.284288738372218,-0.02975408960693541,2.0251947554963774,-0.6069655612076851
0.6329900897298127,-0.18949277082436644,-0.03333936010978948,2.1714438057037313,0.019980064885651908,-2.016720610974924,0.6294896130173719
-0.6210086775567258,0.28176286255966826,0.04399484387506543,-2.279740296001857,-0.029612378648112368,2.0239035639822576,-0.6078807165413751
0.6332377419847497,-0.18649213406653833,-0.03396894974444273,2.1672855712550008,0.019744724260781225,-2.0156385200204134,0.6304704487804315
-0.6211843526033561,0.27861448605720873,0.04461477076217996,-2.275275830346572,-0.029474047436053103,2.0226780079091693,-0.6087963958030187
0.6334860540317618,-0.18350102363453208,-0.034600680156183734,2.1631455231629593,0.019500703770859516,-2.0145503964485347,0.6314576431344171
-0.621365538678664,0.275498047565284,0.045244634988122215,-2.2708753528340537,-0.02933118265939283,2.021492715677133,-0.6097166416981619
0.6337373035035453,-0.18052814517741764,-0.03523908213595983,2.1590413111492905,0.01925115351719721,-2.0134739577551626,0.6324494362135421
-0.6215503152496359,0.2724100827874714,0.04588174464570312,-2.2665307029229607,-0.02918254328509311,2.020337752676239,-0.6106417846288985
0.6339919594072206,-0.1775768246923296,-0.03588498144343083,2.1549795826582163,0.01899646178062462,-2.0124159396958574,0.6334455688469782
-0.6217381229393585,0.2693489767769394,0.046525451768571625,-2.2622381805843297,-0.029028089262400997,2.0192089783773057,-0.6115716065937666
0.6342501274460386,-0.1746482916413466,-0.036538495644971865,2.1509627420805852,0.018736557265854346,-2.011378898529248,0.634446082638319
-0.6219288269912501,0.26631384960507376,0.04717562293220487,-2.2579958379609772,-0.028867904363155887,2.0181044920301594,-0.6125059625426712
0.6345118328576826,-0.17174291972844596,-0.03719961722685874,2.146991483392737,0.01847135370823865,-2.0103637449810794,0.6354510196196628
-0.7497271737726585,1.2571765096230705,0.05426732648043334,-2.934619835777071,-0.043353385182574485,1.6930867112393344,-0.7356214941950531
0.3892592177630637,-0.6065927437366929,-0.024372079087847956,1.2289728136334086,-0.015818060036356916,-0.6742320919296203,0.40563963508403905
0.5363956660733056,0.34598081805783854,-0.057163904684938274,-2.1846051050267343,0.07471934005121199,1.877497066553967,0.4634378600696833
-1.0218147568975535,0.04179943398590485,0.05084616128854776,0.08602720911088779,-0.03339549169015005,-0.12114404336270414,-1.00598742591718
0.6578314157185892,-0.21577224459871178,-0.02510206395573735,1.99331475962018,0.008199820038948126,-1.808211991619353,0.6737530633986799
0.5101389738736379,0.2933547589746042,-0.07596506996444054,-2.2579473565882537,0.08449805643578522,1.9905520084515618,0.4244668522358822
-1.0150544460143456,0.02883369849017288,0.044269716216226634,0.1355009286891766,-0.03090213565281808,-0.16370729210109525,-1.0031653056679084
0.6656599778911438,-0.20564180181021097,-0.027248269493174538,1.9719113613373325,0.011864813069663655,-1.8005754224373942,0.6741849057057435
-0.616465264826266,0.31996070787760567,0.04390488166680244,-2.318267831498173,-0.028752412637557134,2.0232214878630184,-0.606921287347345
0.6233995364848957,-0.226705682046859,-0.031980499955830466,2.2276349524573815,0.015882943195739366,-2.03526229519513,0.6274892193972861
-0.6110517749588649,0.31937236980297956,0.04295711550972152,-2.3422291466709964,-0.026596087875679682,2.0477345174438253,-0.6046269944701574
0.6233977707732787,-0.223721311696644,-0.03342347200581184,2.226082532223793,0.01669165369408246,-2.036742353870755,0.627041882700761
-0.611018970490025,0.3160357131657028,0.04314849773012113,-2.337600286557805,-0.025942196967578247,2.0465249421474874,-0.6059653260413868
0.623702370547619,-0.22053581241534545,-0.03420992671702552,2.221520809691925,0.016748868246017522,-2.0354389353488562,0.6277206629282418
-0.6111688524485326,0.3127053991896023,0.04363832443281715,-2.3326969686352585,-0.025695226860064608,2.045050171632306,-0.6069755081656784
0.623961867530924,-0.21736756703559348,-0.03483971268105887,2.216961052550513,0.016607300830562194,-2.0341103097717212,0.6285750992032462
-0.6113485197661926,0.3094089465600757,0.04420556108296747,-2.3278585735722435,-0.025550040208280004,2.043614998506509,-0.6078786704801238
0.6242122300906446,-0.21422184916419834,-0.035437107980434174,2.2124453896080047,0.01641050932055252,-2.03279738135492,0.6294822921370642
-0.6115360078482868,0.30614388472700294,0.044795597591928804,-2.3230825340878547,-0.02542700582599483,2.042214177138008,-0.6087542711240665
0.6244629949819467,-0.21110116350757555,-0.03603236627181769,2.207979225539461,0.01619587577795302,-2.0315063208492283,0.6304081492507818
-0.6117264717377106,0.30290844800355504,0.0453951608023629,-2.3183647360102424,-0.02530557314470068,2.0408428018426092,-0.6096249526788668
-0.6609378354636568,-1.5009202123654837,0.04637746046649264,1.3501484230038059,-0.03243064308386503,0.13979261114859642,-0.6250602877268763
-0.6455497768939517,-1.2912292261695943,0.07299202916817364,1.0191131979903005,-0.0447749612052918,0.26172624978438985,-0.5741165073481187
1.103659763614446,0.08354071767562862,-0.0857682841112339,-0.13942847086020244,0.05441205917185251,0.054865565388369626,1.037105597288628
0.47349816616873847,0.4477792004135594,-0.09739481027890201,-2.2076482020895356,0.06686788225030126,1.7960520343064548,0.3866657524975091
0.7805975495226875,0.8599329161086327,-0.059646778409794626,0.1545607575098035,0.04508193331230791,-1.0328835712774034,0.7291013461848871
0.6355123268224269,-0.13159883507654624,-0.09074637826262118,1.655755716196277,0.0842474952199724,-1.556319608463799,0.5196140729597114
0.763565854065318,1.058996289492676,-0.1195957853921574,-0.3442988362585675,0.12698923287802905,-0.726938724727722,0.608083732117004
-0.6609378354636587,-1.5009202123654863,0.046377460466495386,1.3501484230038046,-0.03243064308386409,0.13979261114860003,-0.625060287726879
-0.6455497768939522,-1.291229226169596,0.07299202916817431,1.019113197990302,-0.04477496120529146,0.2617262497843884,-0.5741165073481203
-0.6943770104626179,-1.2763280300620679,0.07234902425523887,0.8782201417541752,-0.03453485552505766,0.38990455414002745,-0.6262805044384171
-0.7279537911042008,-1.2346551906739884,0.05774096570335346,0.7188866688039625,-0.017845153793792597,0.5098754140342021,-0.6801034837947179
-0.7575705812657801,-1.188562810378579,0.03326432693790542,0.5628123316532632,-0.0010984463053024434,0.6222538463266145,-0.740466497614592
0.20106867575601683,0.7615161493058746,0.03578575398686798,-2.5813746548461176,-0.018630582265507935,1.863721577856901,0.24628230613533936
0.5568739095399212,-0.6711729128806257,0.028257403811009753,2.5176828417762174,-0.013621528690367564,-1.8971337588026418,0.6116966024603477
-0.8880098516920685,-0.2955894656990256,-0.05751868371932681,-1.34631079086507,0.0368061909872592,1.6716798199504337,-0.9860193724117698
-0.7331094403154778,0.9037575147655685,-0.017323078565611383,0.5307498506702216,0.013879581092036077,-1.4617640691040645,-0.7715052392778428
0.24349682413235924,0.5481162316494415,0.02800437294634544,-2.606880119612061,-0.015415273624217643,2.109113246154609,0.28307599735322775
0.510606722452337,-0.7148165743065372,0.019906791419754467,2.6140843466413157,-0.010802273672008008,-1.9508520990973428,0.5516060021989339
0.103318745714801,0.7601769715118128,-0.01905256228050988,-2.8718463117536333,0.0053614661828689375,2.162228928263624,0.08008666725801684
0.5580823058436527,-0.729178254253393,0.01969036096283828,2.616525117239607,-0.01071306273972731,-1.9389296828975726,0.6006043617137388
-0.8713272610769286,-0.23033896994884676,-0.06036703528662682,-1.4158960340110678,0.03591696072917004,1.676646192949847,-0.9701611000856785
0.6478576777652326,-0.4406606604665334,0.07231600842848375,2.2724896153266942,-0.03185862665840943,-1.855389861743245,0.7526235574159568
0.06904609432387603,0.7355186695107461,-0.014222458447749732,-2.8020194558051656,0.0017446386728150085,2.113344712966327,0.05000287618199459
-0.8162661789592729,0.7090056874384191,-0.047389483118286294,0.7774600011445829,0.026178480629276208,-1.5179857004619859,-0.8924425757392261
0.6472623618931137,-0.6633638022795316,0.043996566089751526,2.1473707335564773,-0.02170436844857513,-1.5274796972120688,0.7206164266250384
-0.779704218258271,-0.6959624261741449,0.05579877616718522,-0.4129375145043125,-0.03578661643143009,1.1241777467553942,-0.7370992581596942
-0.6169887150885278,-0.11986741126866252,0.07796682505292739,1.8981922794816495,-0.053159926190534335,-1.818994665207172,-0.5388013293300604
-0.7555918093828742,-0.6280993843945029,0.09670734427856591,-0.7766464863989776,-0.059133204377352686,1.4252582888244132,-0.6625609613416824
0.67555536778155,-0.13976479094708885,-0.051015061295270156,1.8105738215988345,0.03879592407024691,-1.7086686508049733,0.6250850933760913
0.671430804703018,-1.457508748032851,-0.10030851750915627,1.0700232697002223,0.06344490489457798,0.3806380234607114,0.5616595417578853
0.7182208314934999,0.2002241422356559,-0.096675437296255,1.459327723668375,0.08405392867242831,-1.6979123873364739,0.5884788309694974
-0.779704218258273,-0.695962426174145,0.05579877616718398,-0.41293751450431637,-0.035786616431430156,1.124177746755388,-0.7370992581596962
0.007506111579543883,-0.17976643821430385,0.0006384454426085538,2.2537991138013362,0.0034822271915430996,-2.120480668856024,0.001286803178802512
-0.6987701464009497,0.016526604014904776,0.06483256588944569,1.4347484532847785,-0.047917851283489556,-1.4861273672083941,-0.6346149332343649
-0.7947559747005095,1.0425015422940664,0.11599585258291671,-0.2025876309849153,-0.1078492467414805,-0.8558508951882265,-0.6462011143152124
-0.7981474094778104,1.0016086708445584,0.14153473749196502,-0.1960222168456453,-0.16259256695735425,-0.8175083858896524,-0.5902182889099388
0.7221348579845583,0.1164487264453326,-0.047039440884369565,1.5657901783004222,0.02004881773313142,-1.7162686440946258,0.7027572408468424
-0.7299781899651325,-0.14482650515058662,0.11354746509978907,-1.7963047363249642,-0.09323055019565625,1.978601930440162,-0.6093003424039882
0.7308864909445792,0.2609997059700875,-0.07302723504166356,1.7291219475645043,0.04069225126872899,-2.030684378854537,0.6794241313712991
-0.7265083537302433,-0.16301885912805975,0.10866723374944391,-1.8131510789787122,-0.07855627916172166,2.014140185390862,-0.6243954474863406
0.7345470712427502,0.26428101264745646,-0.08046581082548394,1.7307719424248622,0.04447714988418487,-2.0360647300090857,0.6764592154424276
-0.7267898723733497,-0.16479266447521201,0.10960048330796007,-1.8126514780437801,-0.07408317055858565,2.015438828092419,-0.629781215711675
0.7363817168540487,0.265639651818855,-0.08427477814618385,1.730559592746516,0.0440587134191482,-2.0374731781639506,0.6775431771409792
-0.7277695361101594,-0.16627207055878448,0.11186601260555401,-1.8120770511047541,-0.07189496603433045,2.0164480347795166,-0.6327815000567563
0.7378479036701754,0.26701442796035285,-0.08732682681556088,1.7302659220961325,0.04265153611301346,-2.0387583929258764,0.6796084019561097
-0.7288981631556142,-0.16770705142787282,0.11443638287431847,-1.8115751633818171,-0.07021942964357131,2.0175346816660604,-0.6352143175736132
0.7392591154019948,0.26840644434306193,-0.09024215295726022,1.7299433146656604,0.040999017204845986,-2.04000558959944,0.6819299555581746
-0.7300667057329957,-0.16911399238311087,0.1170899681818534,-1.8111198861637743,-0.06864897492197716,2.01866628242127,-0.6375179008527845
0.7406774030770388,0.2698015722845137,-0.09315296179087257,1.7296129673776486,0.039273224086638435,-2.041237357683139,0.6843300730807401
-0.7312551143131426,-0.17049995648972285,0.1197807615888988,-1.8106961613291437,-0.06708889960335518,2.019823385386628,-0.6398001647779521
0.7421138062207566,0.27119228433457393,-0.09608652066302309,1.7292861748433483,0.03751420400792394,-2.04246497524863,0.6867641545590586
-0.7324604963794844,-0.17186850693030759,0.12249974109848401,-1.8102963562783634,-0.06551678928761812,2.0209964497141835,-0.6420887294530845
0.7435696149277047,0.27257468311727495,-0.09904798964956113,1.7289687336392803,0.03573132880243608,-2.0436940313128877,0.6892205130568804
-0.7336827084428337,-0.17322146628446167,0.12524535804489081,-1.809916576538947,-0.0639271335894544,2.022180796913987,-0.6443910022735296
0.7450447347862158,0.2739466957547518,-0.10203825334897561,1.7286636432269198,0.03392670148679306,-2.044927343009232,0.6916960824748364
-0.7349219116773337,-0.17455977075243262,0.12801745912841747,-1.8095547906849507,-0.062318431496556956,2.0233740718171105,-0.646709158863829
0.7465390239172709,0.27530719317799923,-0.10505746273284652,1.7283724598845818,0.03210067636232536,-2.046166355100171,0.6941901071929529
-0.7361782281775415,-0.1758839020193323,0.1308161256486326,-1.8092099019430627,-0.060690156623049475,2.0245750540070118,-0.6490439520907159
0.7480524547574114,0.2766555397006672,-0.10810570962697082,1.7280959943264596,0.030253168172432298,-2.0474118231723244,0.6967025098374665
-0.7374517509696672,-0.17719410126108393,0.13364147286471134,-1.8088812967597427,-0.05904202395670247,2.0257830927653515,-0.6513957407746186
0.7495850718326944,0.2779913637299505,-0.11118311143981197,1.7278346617459455,0.02838397696547967,-2.048664145436716,0.6992334176411413
-0.7387425643496448,-0.17849048036517282,0.13649362382417637,-1.8085686162847525,-0.05737380872159717,2.0269978321110083,-0.6537647718685695
0.7511369592217263,0.2793144359405326,-0.11428981070323502,1.727588665756936,0.02649286931990666,-2.049923531471946,0.7017830278652532
-0.7400507547236584,-0.17977308014978186,0.1393727068967808,-1.8082716389330022,-0.05568529949765594,2.0282190720059763,-0.6561512633025638
0.7527082204008941,0.28062460420229524,-0.1174259643588115,1.727358095267368,0.02457960022845354,-2.051190089369288,0.7043515634451397
-0.7413764126581435,-0.18104190173952375,0.14227885518986325,-1.8079902181550571,-0.053976285805180664,2.0294466964461892,-0.6585554277860867
0.754298969125544,0.2819217580594919,-0.12059173761338716,1.7271429768964126,0.022643918895048243,-2.052463872110261,0.7069392590697722
-0.742719632599132,-0.18229692357683924,0.1452122054651199,-1.807724249058627,-0.05224655467721362,2.0306806352790856,-0.6609774798811864
0.9703531896698389,1.0638526626466116,-0.14508460764855516,0.2116918210841521,0.06344020742349635,-1.3023963844852775,0.8501043992468914
-0.7383583987036647,-0.2263124299759131,0.12022739869618732,-1.6644198507533452,-0.03119385582631188,1.9300798795093308,-0.693731425954216
0.7390482321940136,0.23821193588904813,-0.11807797188262052,1.7333764785903658,0.027362757524648344,-2.013503122187317,0.69581798031581
-0.7191486569224821,-0.1315181663447164,0.13032808919265823,-1.8350612223965364,-0.04250009116499016,2.005782411446222,-0.6624599394411685
0.7347951796919298,0.2283836686285928,-0.11539575246137868,1.7530730625060575,0.01989621944447959,-2.0238019090492334,0.7007766886790667
-0.7209837662044704,-0.13166267923229186,0.13475353320669703,-1.8364550239176425,-0.044267151639424004,2.0073576840639817,-0.6613645608607226
0.7354004440977756,0.22955645601009647,-0.11684527399640629,1.7529980370495106,0.016918224950402183,-2.025139738113752,0.7042192852251142
-0.7223027266583738,-0.13301742211442788,0.1376994988778043,-1.8358563324740178,-0.043599553145448805,2.008278634457289,-0.6628190826907486
0.7365579639014868,0.23090024352861452,-0.11926171587828574,1.7525732588137166,0.014962529555908304,-2.026254439666683,0.7068263853953018
-0.7234468715920762,-0.13436340029649546,0.14031371361597167,-1.8352950409428628,-0.042335080383761735,2.009263393816907,-0.6648345523749135
0.737848208804723,0.23224573293867576,-0.12192437163991557,1.7521275898790272,0.01323884024898277,-2.0273379936908653,0.7092380636120782
-0.7245622200853733,-0.1356928363789082,0.14286794079894358,-1.8347639683159458,-0.04091265404423895,2.0102757049705304,-0.6669973061557709
0.7391820373223211,0.23358318580300896,-0.12466431030341908,1.7516869984638337,0.011558376791699233,-2.0284169838023396,0.711614054817219
-0.7256819592220499,-0.13700820897184288,0.14542466187217007,-1.834253197453252,-0.03943817446986088,2.0113013758067453,-0.6692073617202792
0.6018771961883267,1.577231315977592,-0.04688124818860231,-1.6316043088621615,0.034423614234388215,0.0601004918868359,0.5685672848018701
0.5167829428587347,0.26024500825757224,-0.07897130991578616,-2.0361914104665564,0.05575958714451429,1.8139055116244418,0.4538852087900959
0.48803967449561536,1.6621110195542008,-0.07245550364968771,-1.7554503229325717,0.06590371800251248,0.10304961086505106,0.4312235771070534
0.4584312804318605,0.5105381973352904,-0.08313851173797314,-2.4728082621100316,0.06180543087674077,2.001922380916866,0.4136502727596745
-0.12295582885686504,0.9370242713006515,-0.03956746125253871,-3.1827354532378473,0.03555996597341846,2.285345049567759,-0.12635696753034717
0.45401546420760575,1.9501237361832318,-0.029997014797450764,-2.499609387633411,0.031319007253836025,0.5648698106027982,0.4739749919183303
-0.675638058850105,-0.8869000917471048,-0.003297017315010217,0.13558771175611117,0.003729709863598042,0.7766578747978412,-0.6991103892261623
0.4937983045977611,2.346133056052191,0.005206611070896643,-3.3097969997512644,-0.001742862049944104,0.9591100723279719,0.5560520177040053
-0.6716567988135205,-0.8646874886479751,0.009418753146554796,0.13087547867329916,-0.006518218830626704,0.7665939950753045,-0.6874260186051158
0.4841487130180481,2.6654408232824673,0.011834854233561632,-4.015195217296318,-0.00944623690493508,1.321854847368883,0.5576150483762273
-0.6595490288056227,-0.7683281709140254,0.011040115293338796,-0.025688953331847418,-0.005619002343001711,0.8438462944546088,-0.6737264194580685
0.9145850474169607,0.5995403567668033,-0.010117394286155733,-1.0162015962553206,-0.0024829292560894253,0.40916546141933663,0.9502121052488106
0.6772173029111461,-1.4854105106449798,-0.053657964993208046,1.3226319552534473,0.028382367892258297,0.152442865934766,0.6328502049888849
0.660608007338473,-1.2761333412072053,-0.08082558756713137,0.9950694798580206,0.04058441904454597,0.2714173318258591,0.5815378247937071
0.7094148622357188,-1.2595077146632634,-0.08024249186693792,0.8540247768097099,0.02888924720125506,0.3979785910314708,0.6348742580162259
-0.1424871992460032,0.68190621056832,-0.037189799292332036,-2.6141117502088815,0.02232742384179915,1.9748255052636758,-0.17771620742003202
1.1322070942654339,0.18094113726159125,-0.021789530258385134,-0.11035045361713933,-0.0005386532618931587,-0.07168970183658438,1.1439624900809846
-0.28151158162499507,1.7125845144864928,-0.030323601735057666,-2.919360577280172,0.03724045477366901,1.2407056961099139,-0.3143993919840932
-0.625598963195218,-1.5534944468301586,0.002558631469924813,2.6327739167806756,-0.01051941093249435,-1.1133075215177612,-0.6544395374417017
1.1448572302626898,0.4569512566235942,0.002597409734228404,-0.749646780872505,-0.013178200443817432,0.2955847342861217,1.1903438132239812
-0.8805048803784181,-0.7614885165058873,-0.02850552249820076,-0.3191691743754665,0.01324984794052406,1.0955595536971763,-0.9350220483298979
0.8387519307516257,-0.2364481691725239,0.02054453452785538,1.9025958014158928,-0.017133128865499912,-1.709078764894243,0.87591643542053
0.6018771961883216,1.5772313159775837,-0.04688124818859719,-1.6316043088621652,0.03442361423439002,0.06010049188683643,0.5685672848018677
-0.05381400177306018,1.014566323314027,-0.02073801806597811,0.35552542098384043,0.030497601691410043,-1.38944086571201,-0.09098924541394547
-0.029556992936326684,1.4934238798663189,-0.011067013566635442,-3.371441464929045,0.010564957375992,1.915810290140192,-0.028759207912783157
0.6755553677815488,-0.13976479094709157,-0.05101506129527032,1.8105738215988383,0.03879592407024715,-1.7086686508049733,0.6250850933760904
0.6714308047030213,-1.4575087480328495,-0.10030851750915612,1.070023269700222,0.06344490489457844,0.38063802346070985,0.5616595417578891
0.7182208314934961,0.20022414223565693,-0.09667543729625558,1.4593277236683744,0.08405392867242878,-1.6979123873364772,0.5884788309694945
0.7850575828196421,-1.4573558749179247,-0.13941368012810496,0.8916641412401891,0.07142575710907005,0.5631744769543163,0.6274640072959965
0.5105673125525498,1.8482369920631734,-0.07938687842297078,-1.666017260041385,0.0907934521352824,-0.17876924569806182,0.40992112568432193
0.12835622995947452,-0.09314511330260578,-0.03714845263070236,2.1470534612970074,0.07280537353347265,-2.0951114423470916,0.01818374480090283
-0.6609378354636569,-1.5009202123654841,0.04637746046649286,1.3501484230038059,-0.03243064308386515,0.13979261114859545,-0.625060287726878
-0.6455497768939519,-1.2912292261695937,0.07299202916817427,1.0191131979902985,-0.04477496120529166,0.26172624978439024,-0.5741165073481196
0.6772173029111481,-1.4854105106449786,-0.05365796499321045,1.3226319552534433,0.028382367892257385,0.1524428659347688,0.6328502049888858
0.6606080073384721,-1.276133341207205,-0.08082558756713137,0.9950694798580235,0.04058441904454574,0.2714173318258615,0.5815378247937069
0.7094148622357191,-1.2595077146632645,-0.08024249186693813,0.8540247768097092,0.028889247201254346,0.3979785910314668,0.6348742580162255
-0.1424871992460033,0.6819062105683249,-0.03718979929233232,-2.614111750208883,0.02232742384179868,1.9748255052636792,-0.17771620742003175
0.7755634593932127,-0.32288146823959546,-0.018314257076058323,2.1022624127637926,0.0060608386162115955,-1.8221586012794173,0.763243614041474
-0.006729736468833953,0.487268991795346,-0.00226171351829791,-2.5770583168003007,-0.00017399912209919334,2.13113040824987,-0.002525035699052357
0.7805975495226879,0.8599329161086321,-0.059646778409792836,0.15456075750980286,0.04508193331230816,-1.0328835712773992,0.7291013461848878
-0.07024225436436483,1.1524976301950836,-0.025303647033135385,0.13372147890862526,0.037668611487406085,-1.3070550872247102,-0.11746032680570875
0.013604176944985112,1.213163328770225,-0.008717404498976497,-0.06046885420313575,0.02390104149904874,-1.170586912080114,-0.009038568325039674
-0.8200157049624537,-1.0392290769569894,0.0607306285732471,1.9860214725078558,-0.040827293929529926,-0.9769686585281462,-0.7719356284571889
-0.7412636642791863,-0.5797553194693211,0.0969929270730651,-0.703669440160788,-0.06237666653624042,1.3006620334636778,-0.643564939298407
-0.6844481043627357,-0.028635267658153538,0.09107356718235309,1.7838915201646577,-0.06338458252516613,-1.7956353658281685,-0.5817773116434425
-0.7803072727975843,-0.6357434291275607,0.10678643874419601,-0.8383319732551702,-0.05655284081090499,1.497054240551484,-0.6778668945386381
0.007506111579544374,-0.17976643821430205,0.0006384454426068516,2.2537991138013322,0.0034822271915429044,-2.12048066885603,0.0012868031788050053
0.007884313443490429,0.026138590497828174,-0.001245235973134627,1.8177899725243098,0.006693561271728704,-1.8862672729525816,-0.0013537184741058057
-0.8677096335501406,1.030794668030036,0.0982089455037157,-0.20028418268373566,-0.08504683182754723,-0.8471351113601969,-0.7517670042230965
-0.7979461880888765,0.9944723803570995,0.13789173936338392,-0.15028783085211242,-0.15616823151810716,-0.8575965720734388,-0.5951544012667812
0.7579355672012513,0.17161344402172038,-0.05450397147999692,1.4831468352611354,0.04010246216886132,-1.6881176314975475,0.713015206206136
-0.7646993633018028,-0.2065556648766241,0.11325390901256437,-1.7095060832583755,-0.10488134661689963,1.952593085856744,-0.6298454028739265
0.7669240882828908,0.32268284091169636,-0.07396513345292625,1.6417493675898687,0.05515244730808279,-2.0042470340598006,0.6983448973539336
-0.7631557888569218,-0.22547753033845652,0.11096132733258342,-1.7259862230823595,-0.09325623391245409,1.9885937986486923,-0.6424231603887952
0.7701727713922489,0.3260956786915506,-0.08049197231214014,1.6434389116668324,0.05755767434475193,-2.009765055317069,0.6966897194706444
-0.7639672076669586,-0.22725758559029322,0.11276265464349061,-1.725635975496288,-0.0893126101098654,1.9900889853550252,-0.6473066406543851
0.7721097867803234,0.32747779677753475,-0.08441446943641011,1.6433507382662966,0.05674572829548492,-2.011323812311745,0.6981690932111133
-0.7652488697293646,-0.22873826629470986,0.1155093355216252,-1.7252119671914299,-0.08713229178513981,1.9912790688372775,-0.650311341234571
0.773796221938137,0.32886941451865725,-0.087796804131963,1.643188413113382,0.05515058864127342,-2.012769983125101,0.7004415615389887
-0.766634328701357,-0.230175819553482,0.11848284293763585,-1.7248587914427007,-0.08535626415883349,1.9925439143896881,-0.6528576978432212
0.7754546379540964,0.3302766850751312,-0.0910910229772974,1.6429992894824854,0.05335003014780825,-2.0141820520077673,0.7029316945143707
-0.7680530810493104,-0.23158569969888593,0.1215277638283121,-1.724551578492569,-0.08366246871137016,1.9938536191087797,-0.6552989697844427
0.7771281187934223,0.3316865147913994,-0.09439443745624991,1.642803208521277,0.051482088983256104,-2.0155806554230313,0.7054937154632208
-0.7694929660398375,-0.23297463722450754,0.12461177377390967,-1.7242756072345757,-0.08197332729450324,1.9951893760247617,-0.6577250687865248
0.7788238468335749,0.3330916714578783,-0.09772736120346365,1.6426109686991417,0.04958007091865661,-2.0169764452520083,0.7080898137783765
-0.7709527543788819,-0.23434607387807097,0.1277286789604659,-1.7240233609564626,-0.08026958769329391,1.9965418531609451,-0.6601600175943633
0.780542405060469,0.33448834007896955,-0.10109369103294004,1.6424281710681494,0.0476520894200511,-2.0183747981391473,0.7107097558681224
-0.7724326256073489,-0.2357017710496009,0.13087749686451308,-1.7237909972989596,-0.07854620865182381,1.9979064499690566,-0.6626105315344782
0.7822836015197822,0.3358744653403484,-0.1044941592604511,1.6422577343148808,0.04570001808830158,-2.019778452750072,0.7133508001491711
-0.7739328281661755,-0.23704262431055986,0.13405822216475471,-1.7235765160414505,-0.07680168607311234,1.9992808554387738,-0.6650787048176807
0.7840473143766469,0.33724891105574556,-0.10792895994371855,1.6421011845263522,0.04372415077455338,-2.0211888299579894,0.7160122875707369
-0.7754535228931763,-0.23836908163418064,0.13727100627545713,-1.723378844423882,-0.07503543096693661,2.0006638800686027,-0.6675653132803256
0.7858335536579838,0.3386110243992654,-0.11139825595073806,1.6419593256078755,0.04172435787899226,-2.022606684542872,0.7186941926501235
-0.7769948385813432,-0.23968135321864567,0.14051602745833344,-1.723197390125872,-0.07324709734760684,2.0020548997553824,-0.6700707584108352
0.7876424042689333,0.3399604116674587,-0.11490223691374292,1.6418325776993599,0.039700390925391904,-2.0240324253481656,0.7213966881403231
-0.7785568956062895,-0.2409795209168991,0.14379347258495528,-1.7230318144378507,-0.07143640525986739,2.0034535831058657,-0.6725953305968109
0.789473990917467,0.3412968187880521,-0.11844111677892898,1.641721155428491,0.03765196351429187,-2.0254662783517934,0.7241200171540723
-0.7801398179791849,-0.2422635957474681,0.14710353595872408,-1.7228819154735355,-0.06960309089191,2.0048597539124144,-0.6751392912932196
0.7913284581805379,0.34262006726514155,-0.12201512383930636,1.6416251619963829,0.035578774756353654,-2.026908371208323,0.726864449979127
-0.7817437347876537,-0.24353354890852116,0.15044641806047845,-1.722747566232233,-0.06774689212007234,2.0062733196893903,-0.6777028968430779
0.7932059614771518,0.34393001918379273,-0.12562449523350344,1.6415446401316667,0.03348051593140908,-2.028358778243396,0.7296302701490589
-0.783368779802611,-0.24478932861070057,0.1538223242360691,-1.722628681354272,-0.06586754399478592,2.00769423375547,-0.6802864061192678
0.7951066625590525,0.3452265580116247,-0.1292694737906578,1.6414795997880582,0.031356872514509596,-2.02981754468619,0.7324177692822332
-0.7850150903430158,-0.24603086932265453,0.15723146346396044,-1.7225251990024173,-0.06396477732522293,2.00912247476965,-0.682890082587881
0.797030727378176,0.3465095779725263,-0.13295030647891937,1.6414300333828455,0.029207524709458737,-2.031284699890556,0.7352272452929433
-0.7866828064166936,-0.2472580968616514,0.16067404746646105,-1.722437070926943,-0.06203831820462574,2.0105580355672283,-0.6855141948794812
0.7989783249857686,0.34777897814852565,-0.13666724355771728,1.6413959241979537,0.027032147558935692,-2.0327602645874467,0.7380590017054292
-0.7883720700979359,-0.24847093120708166,0.1641502900987131,-1.7223642569803295,-0.06008788784662579,2.0120009170184296,-0.6881590168730904
0.80094962696591,0.34903465918839394,-0.14042053811967406,1.6413772510360158,0.02483041091826204,-2.034244254883755,0.7409133474255194
-0.7900830251344041,-0.24966928805332567,0.16766040694649353,-1.7223067220816226,-0.058113202513672746,2.01345112463234,-0.6908248276946747
0.8029448071255398,0.3502765214630696,-0.14421044581757328,1.6413739908041955,0.022601979398036962,-2.035736684469749,0.7437905966762228
-0.7918158166954679,-0.25085307966441894,0.17120461505495338,-1.722264434531506,-0.05611397347184332,2.0149086666697693,-0.6935119117100533
0.8049640413208157,0.3515044640239589,-0.1480372246914387,1.6413861199516206,0.020346512301927005,-2.0372375658375903,0.7466910690048321
-0.7935705912121135,-0.2520222153403502,0.1747831327370166,-1.7222373650767626,-0.054089906949587416,2.0163735530899833,-0.6962205585390631
0.8070075073536046,0.35271838400801625,-0.15190113504594888,1.6414136152705059,0.018063663568275812,-2.038746910951742,0.749615089317848
-0.7953474962695825,-0.25317660166763234,0.1783961794270743,-1.7222254863900666,-0.052040704094972086,2.0178457949591917,-0.6989510630879536
-0.7797042182582697,-0.6959624261741468,0.055798776167186905,-0.4129375145043163,-0.03578661643142987,1.1241777467553922,-0.7370992581596937
-0.7087105244644281,-0.5087321935606245,0.0843009455684699,-0.5432084899844397,-0.05191942269024013,1.067557276246116,-0.6323565945368201
-0.7127818025880266,-0.41323974693728716,0.08205543976222178,-0.7104010870946352,-0.044509855671636796,1.1416672688704608,-0.6437037455731239
-0.6995727964340229,-0.29908863858405094,0.07050494678775099,-0.878387806992249,-0.03347548651418228,1.1976276454333448,-0.6464367447148166
-0.7797042182582716,-0.6959624261741482,0.05579877616718503,-0.41293751450431243,-0.03578661643142953,1.1241777467553948,-0.7370992581596922
0.6755553677815501,-0.13976479094708896,-0.05101506129526922,1.8105738215988345,0.03879592407024744,-1.7086686508049729,0.6250850933760929
0.6714308047030175,-1.457508748032851,-0.10030851750915623,1.0700232697002223,0.06344490489457849,0.38063802346071157,0.5616595417578858
0.7182208314934998,0.2002241422356553,-0.09667543729625526,1.459327723668375,0.0840539286724286,-1.6979123873364723,0.5884788309694978
0.7850575828196428,-1.457355874917915,-0.13941368012810607,0.8916641412401891,0.07142575710907001,0.5631744769543103,0.627464007295997
0.807764012308248,0.3649761963173789,-0.10435504491309182,1.2778325318326227,0.10422596606725575,-1.67901031214712,0.6453491025379092
0.4946676460807192,1.6635343386487687,-0.08824318182902417,-1.7636386089018266,0.10846378536719843,0.111342723678623,0.37333817820520343
0.21324881987780753,-2.0906967992063685,-0.1072549255415483,1.7308107420705987,0.016445050748416026,0.35264956314602053,0.0884087628803345
-0.6138223116338742,0.3909008488301254,0.04431003900154005,-2.1020929544459954,-0.026668637377390666,1.7446543353422177,-0.5791969568351071
0.07174829044923307,1.7403006954179652,0.02851933301525189,-3.1393796669205725,-0.024304656435676864,1.4322852415209284,0.11005585007793106
-0.7263431202825444,-0.7061206683610162,0.052395834026025774,-0.252532379459448,-0.03245495684647486,0.980106454818767,-0.696461053927635
0.062265298757953995,0.9887634184483056,0.035905335852838415,0.5844415342926473,-0.03340056736128546,-1.5994645076200464,0.10594047889242125
-0.723547247324165,-0.6075879184493498,0.05795076321310851,-0.6990893140268735,-0.03561400821096969,1.3263883385838675,-0.6888858739405902
0.061634216351436,1.0113224630164552,0.035278202608683036,0.5712931821712331,-0.03803970386002284,-1.6096956653009247,0.10874082293921575
-0.7209309988030689,-0.590196779240335,0.06345366532828026,-0.7380943661841051,-0.037967508000828425,1.3477005728326847,-0.6834010654023598
1.1036597636144456,0.08354071767562797,-0.08576828411123251,-0.1394284708601985,0.05441205917185347,0.05486556538837047,1.0371055972886323
1.0017388153291387,0.1556792969879542,-0.1332082093697057,-0.27845467885416764,0.09599805211231088,0.125168753212837,0.8712802607145942
0.4494183878879267,1.650563327766832,-0.09964310901022037,-1.7950956371148288,0.09459017289226002,0.1541888401934837,0.3479798167794002
0.715989475587242,-1.5548199755375007,-0.12277972052805815,1.43606487521048,0.07590079654562346,0.11572636070819561,0.5848170610900816
-0.6636148542967324,-0.15374077783329398,0.05150061763170955,1.8380742966423047,-0.032896812379804324,-1.7228454090274028,-0.6237851997088403
0.05963468982521608,1.3054420614817968,0.02092675818390073,-0.02822425457350574,-0.01850824641993757,-1.3006559075411241,0.09117523383201395
-0.000872211811463944,1.1820983589748588,0.0017243581753237291,0.28234013816940784,0.004859119923291194,-1.4903177309926852,-0.0033680205315282474
-0.00017028186231660754,1.1438333394756663,0.00031030706396873716,0.06571345912237124,0.0060146003770602,-1.228819920616223,-0.004302932552510271
0.6895029725024806,-0.052673925930433706,-0.07513011931411243,1.5776389460172873,0.08026145339859991,-1.5556064981357969,0.5923901945625636
-0.09005751627670333,1.9035404901343635,-0.026906085722080038,-2.3851702085035336,0.04152868970754981,0.49321030650982634,-0.1306321936249155
0.6018771961883234,1.5772313159775915,-0.046881248188598935,-1.6316043088621757,0.03442361423438944,0.06010049188683805,0.5685672848018688
0.5142515576788995,1.4510626926906662,-0.07280253121735976,-1.6614781039850175,0.0645275903418094,0.2226832534171782,0.4482022487572981
0.49293881395712197,1.5376989957217082,-0.08319030068366047,-1.9149428423912924,0.08049404909531194,0.3922299260878522,0.4222569895982871
0.46118164551227925,1.6256303098888383,-0.08764905084179357,-2.191298499843396,0.08922194982704819,0.5831893725732954,0.3984181174554586
-0.7797042182582709,-0.6959624261741456,0.05579877616718981,-0.4129375145043125,-0.03578661643142842,1.1241777467553948,-0.7370992581596937
-0.708710524464431,-0.5087321935606197,0.08430094556846972,-0.5432084899844524,-0.0519194226902398,1.0675572762461252,-0.6323565945368227
-0.7127818025880248,-0.413239746937284,0.08205543976222163,-0.7104010870946386,-0.04450985567163615,1.1416672688704632,-0.6437037455731212
0.6772173029111496,-1.48541051064498,-0.053657964993210405,1.3226319552534451,0.02838236789225749,0.15244286593477074,0.6328502049888893
-0.8544036369818442,-0.5458864542248704,0.014351302340014317,-0.5728489685958204,-0.004590631084559396,1.1325648543984714,-0.863145853176282
0.7645535446493881,-1.399891275287616,-0.004451219344872362,1.1865228213417593,-0.011572333423746578,0.20234661531551792,0.7854231391556349
-0.6138223116338728,0.3909008488301163,0.04431003900153789,-2.1020929544460127,-0.02666863737739135,1.7446543353422288,-0.5791969568351045
-0.7002953079106526,-0.6169189807533009,0.07678487580388355,-0.3340679731732684,-0.05001549023674464,0.9675122359838609,-0.6351578883865008
-0.6902288536274318,-0.38697210195099546,0.0825617777465175,-0.7185299874267654,-0.0490095467872958,1.1233878688843382,-0.6220108823977939
-0.6821872369746395,-0.28930306117011706,0.07519716606092049,-0.8681976503552192,-0.040209373020367624,1.1774046369081808,-0.6256126365606866
0.14981060158778697,1.0483498486959848,0.040356891387526066,-3.153479832295122,-0.032250020758790396,2.1472378171856117,0.18526995981206362
-0.6609378354636554,-1.5009202123654855,0.04637746046649283,1.3501484230037981,-0.032430643083864855,0.13979261114861485,-0.6250602877268763
-0.8126077500771371,-0.8368102765605232,0.08408810943380501,1.692616899852867,-0.052663065432987585,-0.8863205278173857,-0.7306002985763173
-0.6965947594806283,-1.343525331737849,0.09042575556082744,0.844476309123421,-0.04836927279668877,0.49287211813828197,-0.6028029633133817
-0.940070346303872,-0.7551827617488284,0.08519699806283396,1.45420382985363,-0.03881679781279817,-0.7265838879579715,-0.8563633031798815
0.19765720595960573,0.4548800505488018,0.0367563278403192,-2.497401751115094,-0.01973239812601941,2.0879914546084266,0.24223540189459108
-0.8512826363081547,0.912840073516624,0.025976294341103323,0.4426230634534788,-0.014518202887926296,-1.3799681586207806,-0.8395343265920977
0.6772173029111463,-1.4854105106449784,-0.05365796499320759,1.3226319552534433,0.028382367892258835,0.1524428659347688,0.6328502049888872
0.6606080073384727,-1.2761333412072053,-0.0808255875671311,0.9950694798580204,0.04058441904454625,0.27141733182585953,0.5815378247937069
-0.10704179176231808,0.6543907431672512,-0.038615492621464534,-2.638281957630167,0.024524503872788025,2.0256142829533075,-0.14424595845346067
-0.04115309526568255,0.6257474138476201,-0.004906530939060288,-2.46812113120362,0.0030770008700019293,1.88414841323452,-0.03352966716424684
0.6918373532608595,-0.4803014226295666,-0.018329440100983252,2.3222839755236966,0.00635461746735117,-1.8839870927838451,0.6794006816365037
0.6755553677815479,-0.13976479094709174,-0.05101506129527118,1.8105738215988385,0.03879592407024709,-1.7086686508049733,0.6250850933760908
0.6651117683775253,0.021821333266344712,-0.08930759581276168,1.4332893395314732,0.08071405430445021,-1.4887612682519493,0.5498767818401725
0.5536462476723256,1.6123099937935,-0.10136363261396583,-1.8615665894847229,0.10250268396590252,0.2589239759975186,0.4317265130893544
0.7348835204070844,0.001326436703386667,-0.11674967653202561,1.5997161117495162,0.14185442819593916,-1.6299857868190122,0.5479469654011224
0.5209092055848091,0.12097485846973483,-0.15217087359176887,-2.0903172733636124,0.11233605825914407,2.0096717817111562,0.3730705026684483
-0.7797042182582694,-0.6959624261741452,0.055798776167187744,-0.41293751450431265,-0.035786616431429774,1.1241777467553944,-0.7370992581596948
-0.7087105244644277,-0.5087321935606237,0.0843009455684701,-0.5432084899844553,-0.051919422690240274,1.06755727624613,-0.6323565945368201
-0.712781802588026,-0.4132397469372815,0.08205543976222283,-0.7104010870946331,-0.044509855671636345,1.1416672688704508,-0.6437037455731236
-0.699572796434023,-0.2990886385840508,0.07050494678774992,-0.8783878069922461,-0.03347548651418226,1.1976276454333428,-0.6464367447148168
-0.820015704962452,-1.039229076956985,0.06073062857324678,1.986021472507849,-0.04082729392952991,-0.9769686585281359,-0.7719356284571869
-0.8171729111000495,-0.842652714475664,0.10124037967071589,1.5942606860507955,-0.07023398264713765,-0.7795518376140528,-0.7073486470596787
-0.9017618399127308,-0.7891924390881023,0.12148953823518158,1.4765175238651107,-0.08057188244094747,-0.7134231011252069,-0.7605275719129019
-0.9748027754138832,-0.7232395440978552,0.13490612343804986,1.3378523170992487,-0.08457631961640727,-0.6383533220947009,-0.8119963153326096
0.6026133604691724,0.4065257871213482,-0.04852958902837006,-2.130897719949851,0.02664320694380731,1.7584014914878499,0.574309920447282
0.5084741087283147,1.5725523729361022,-0.06104364879276391,-1.490577379401226,0.0494367905937784,-0.07539273790731851,0.4583011007437806
0.4889495276237717,0.44903065860770275,-0.07576247933617186,-2.3336254279739976,0.05293803728946626,1.924017216539587,0.43920957344019973
-0.1344475414451388,2.000963977892328,-0.03215496177353286,-3.7112243557549984,0.037597599051643026,1.7433885741210813,-0.14411838263640525
-0.050307037716823086,1.0102563715454618,-0.010739981074326246,-3.460695838103001,0.010041414949616296,2.493349287643185,-0.02789284258637337
0.45231657568207584,2.034426592781593,-0.01725635763281639,-2.658992298655618,0.016897721984568324,0.6397180386273896,0.4783816274979764
-0.6711161168209749,-0.7476266094302115,0.001136004093496847,-0.11464826875049774,0.0037461714681404634,0.8931576815019788,-0.6890210939624438
0.5057036366442288,2.4983775631228813,0.0051179653474341,-3.6315417680162447,-0.004709410060716408,1.117410863204433,0.5601602192600177
-0.6672107628441125,-0.6715422478323296,0.00863832914357231,-0.23195353106479905,-0.0017698252582542815,0.9463961833711395,-0.6803344508828456
0.9262992983124416,0.4973193620332234,-0.012607782715282203,-0.8013323724761016,-0.0006971290829890491,0.3025658214640864,0.9558702649038284
0.6018771961883234,1.577231315977581,-0.046881248188598644,-1.6316043088621557,0.0344236142343893,0.060100491886844076,0.5685672848018677
0.5142515576788959,1.4510626926906753,-0.07280253121736062,-1.6614781039850324,0.06452759034180905,0.22268325341718975,0.4482022487572944
0.4960189743797604,0.3264170032786657,-0.09135019822114623,-2.155928943253785,0.06979348136733274,1.8679269238021705,0.4286183759382362
0.4567896611712203,1.7496628311823679,-0.07701694376858648,-2.0396185502813236,0.07586337535276028,0.3025551463782484,0.4055461799261911
0.42701429092455484,0.6067546633462776,-0.08588259995921906,-2.6758207472650377,0.06633190690500486,2.1082655209680254,0.39660838880597105
0.6772173029111466,-1.4854105106449826,-0.053657964993207005,1.3226319552534531,0.028382367892258144,0.15244286593476886,0.6328502049888832
0.6606080073384719,-1.2761333412071962,-0.08082558756713051,0.9950694798580139,0.04058441904454666,0.2714173318258498,0.5815378247937067
-0.7797042182582706,-0.6959624261741453,0.055798776167186794,-0.412937514504313,-0.035786616431429594,1.1241777467553942,-0.7370992581596939
-0.6170844602161516,-1.3676122053103241,0.07810535933496689,1.256616892494784,-0.049702320785453134,0.0999576213291723,-0.5415162189398298
-0.7450224767015694,-0.3726183253479042,0.07682270020827582,-0.86593410088825,-0.03832945994052027,1.2566009133236389,-0.6800696013667781
-0.680502497572364,-1.2893780240746444,0.06762516038483686,0.9849722581280768,-0.02773231989638361,0.29685431717857835,-0.6215108775222677
0.6755553677815492,-0.1397647909470923,-0.051015061295269476,1.8105738215988438,0.038795924070247276,-1.7086686508049749,0.6250850933760915
0.6651117683775256,0.021821333266348712,-0.08930759581276204,1.4332893395314725,0.08071405430445008,-1.4887612682519475,0.5498767818401727
0.7270975043938411,0.1558167731595442,-0.1126171910131548,1.2999134659617784,0.11971104616476072,-1.4877149307210922,0.5583783991941104
0.5478567142765498,1.614267457859662,-0.11611959563943644,-1.901169368522696,0.1344705621553996,0.2984557534312607,0.3911226333526875
0.7870923539659538,0.14198264194495272,-0.12883188672075646,1.428944238233485,0.1904519797349753,-1.5974320758751397,0.5441726048583331
0.6755553677815485,-0.13976479094709232,-0.05101506129527037,1.8105738215988403,0.038795924070246915,-1.7086686508049767,0.6250850933760884
0.6651117683775251,0.021821333266346263,-0.08930759581276146,1.433289339531471,0.08071405430444992,-1.488761268251951,0.549876781840171
0.7270975043938424,0.15581677315953812,-0.11261719101315304,1.2999134659617821,0.11971104616476068,-1.4877149307210795,0.5583783991941103
0.7788842306084941,0.28968530936081127,-0.13019350591187756,1.146097101242309,0.16839681540324972,-1.4652374229576073,0.5503385526224744
0.01032961126054985,-1.855377543233276,-0.004310412712973078,1.6563660580625184,-0.002820911596348058,0.18603968661338563,0.0053860440457894135
